eyepos = 9.89683, 9.92141, 4.52872
lookat = -5.07714, 0, -2.20571
