eyepos = 0.0822673, 6.09973, -0.401206
lookat = -0.545359, 0, 0.984605
