eyepos = -0.764001, 1.0918, -0.435696
lookat = 0.0582367, 0, 1.48818
