eyepos = -3.31094, 3.69069, 5.24382
lookat = 0.236044, 0, 1.47468
